 6.090261936187744 0.9218651652336121 -2.8547818660736084
 5.645895481109619 1.2566715478897095 -3.603839874267578
 5.654323577880859 1.4642369747161865 -3.3327817916870117
 5.391754627227783 1.3016576766967773 -4.14055061340332
 5.35804557800293 1.9995007514953613 -4.451356410980225
 5.319568634033203 1.2449079751968384 -3.994199275970459
 5.089086532592773 2.1306538581848145 -5.115940570831299
 5.737006664276123 1.2920893430709839 -3.672891616821289
 5.353476524353027 1.5164402723312378 -4.953142166137695
 5.340249061584473 1.8592545986175537 -5.027414798736572
 5.627857685089111 0.71437668800354 -4.837676525115967
 5.42857551574707 1.2071284055709839 -4.6090593338012695
 4.718785285949707 2.1653246879577637 -5.097776889801025
 5.331441879272461 1.9534472227096558 -4.1786088943481445
 5.476889133453369 2.3251426219940186 -3.8941664695739746
 5.515806674957275 1.6816682815551758 -3.743835687637329
 5.520633697509766 1.8504084348678589 -4.508096694946289
 5.041268825531006 2.119140863418579 -4.481517314910889
 5.53240966796875 1.7892719507217407 -5.023952960968018
 5.571720600128174 0.9529144763946533 -4.641214847564697
 5.520848274230957 0.9959876537322998 -4.3994364738464355
 5.636969089508057 1.2913734912872314 -4.038527965545654
 5.164271831512451 1.4012537002563477 -4.280984878540039
 5.181992053985596 1.6949467658996582 -4.716506481170654
 5.691715717315674 1.4410604238510132 -3.8951735496520996
 5.446444034576416 1.6205707788467407 -4.006000995635986
 5.035305976867676 1.9769953489303589 -5.134756088256836
 5.565028667449951 1.7917604446411133 -4.3866472244262695
 5.254783630371094 1.8818644285202026 -4.343696117401123
 5.400177955627441 1.5909521579742432 -3.915090322494507
 4.937014102935791 3.0237483978271484 -4.039032459259033
 5.528450012207031 1.8638375997543335 -3.603423595428467
 5.257116317749023 2.4638864994049072 -3.5817251205444336
 5.3013386726379395 2.030802011489868 -4.127081871032715
 5.53797721862793 1.4196979999542236 -3.193617820739746
 5.029482841491699 2.242748737335205 -3.580965995788574
 4.957054615020752 2.2502589225769043 -3.922011375427246
 5.27006196975708 2.4941043853759766 -3.083688497543335
 6.111222743988037 1.0011509656906128 -3.294398307800293
 5.425702095031738 1.373822808265686 -3.3681797981262207
 5.479930877685547 1.99900484085083 -3.0624217987060547
 5.882139205932617 1.653159260749817 -2.899829149246216
 5.67082405090332 1.4973995685577393 -3.067765474319458
 5.360612392425537 1.8390049934387207 -3.796090841293335
 5.452411651611328 2.654700517654419 -3.145165205001831
 5.18385648727417 2.9509079456329346 -4.008886814117432
 4.75628662109375 3.4177985191345215 -3.7745282649993896
 5.252084255218506 1.8190516233444214 -4.334502696990967
 5.491817474365234 1.1569454669952393 -3.644437074661255
 5.693155288696289 1.6181941032409668 -3.0621860027313232
 5.637544631958008 1.8942879438400269 -3.9026410579681396
 5.773841857910156 1.9517666101455688 -2.5684258937835693
 5.690030097961426 2.2022266387939453 -3.2034265995025635
 5.847908973693848 1.8519151210784912 -2.7692651748657227
 6.077446460723877 1.232792854309082 -3.2752327919006348
 5.813082695007324 2.443455934524536 -3.116330862045288
 5.14854621887207 1.9134166240692139 -3.4822990894317627
 5.805261135101318 1.6442513465881348 -2.824190855026245
 5.481863021850586 2.290830612182617 -2.4546432495117188
 6.013054370880127 1.4211540222167969 -1.6241601705551147
 5.929162979125977 1.431825041770935 -2.8705058097839355
 5.781181335449219 0.14528772234916687 -3.0664610862731934
 5.268283367156982 2.55672287940979 -3.4012439250946045
 5.084897994995117 2.4019312858581543 -2.9991462230682373
 5.473721981048584 1.434829592704773 -2.808185577392578
 5.4520792961120605 2.0485033988952637 -2.4993879795074463
 5.90025520324707 1.187404990196228 -2.3034820556640625
 5.528061866760254 1.9146344661712646 -2.9297847747802734
 5.669175148010254 1.8933404684066772 -3.0208451747894287
 5.8617329597473145 1.6744577884674072 -2.7248668670654297
 5.288565635681152 2.002946138381958 -3.889923572540283
 5.509878635406494 1.9575453996658325 -3.9165403842926025
 5.758652687072754 1.6795574426651 -3.254699230194092
 5.929824352264404 1.1394050121307373 -3.086156129837036
 5.8963141441345215 0.7448570132255554 -3.309476375579834
 5.954327583312988 1.3477671146392822 -3.205810785293579
 5.258303642272949 1.9521660804748535 -4.528565883636475
 5.352198123931885 2.19565486907959 -3.7799761295318604
 5.2170891761779785 1.1026418209075928 -4.593809604644775
 5.528966903686523 1.304128885269165 -4.317641258239746
 5.835460186004639 -0.4000110626220703 -3.8786556720733643
 6.138844966888428 -0.10137602686882019 -3.017162799835205
 5.760701656341553 -0.1661628782749176 -3.6441590785980225
 5.997003555297852 -0.2777436077594757 -4.0418477058410645
 5.755695343017578 -0.2372971773147583 -3.2820849418640137
 5.648770809173584 0.3393910825252533 -3.0251035690307617
 5.6787567138671875 0.5548547506332397 -3.3244082927703857
 5.72344970703125 1.0316650867462158 -2.831951379776001
 5.256383895874023 3.3640379905700684 -3.8799445629119873
 5.990630626678467 1.0115883350372314 -2.759397268295288
 6.104503631591797 1.213517665863037 -3.1294870376586914
 5.376418113708496 1.3559385538101196 -4.130420684814453
 5.355215072631836 1.7831875085830688 -3.5636308193206787
 5.910664081573486 0.671636700630188 -2.8214080333709717
 5.871717929840088 1.7521440982818604 -2.969534397125244
 5.329258918762207 1.9408923387527466 -3.8538153171539307
 5.868785381317139 1.9963855743408203 -2.75024676322937
 5.949698448181152 2.1381778717041016 -3.129544734954834
 5.714224815368652 2.240107774734497 -3.043787717819214
 5.961543083190918 0.6780325770378113 -3.338325023651123
 5.873376846313477 0.4530048966407776 -3.366518974304199
 5.942662715911865 1.6903510093688965 -3.5047473907470703
 6.2252912521362305 1.1257745027542114 -3.064955472946167
 5.562068462371826 2.0358529090881348 -3.0542778968811035
 5.631941318511963 1.2040590047836304 -3.4050028324127197
 5.613680362701416 1.852135181427002 -3.598970651626587
 4.810576438903809 2.3270459175109863 -4.578908920288086
 5.248709201812744 2.6308977603912354 -3.851715087890625
 4.99879264831543 3.163856029510498 -3.7777652740478516
 5.41204309463501 1.7947145700454712 -3.9029951095581055
 5.754748344421387 1.7076658010482788 -3.2346031665802
 5.3436479568481445 1.8012244701385498 -3.6140658855438232
 5.518081188201904 1.0751742124557495 -3.5745413303375244
 5.550836086273193 1.5968629121780396 -3.7752530574798584
 5.867082595825195 1.1237624883651733 -2.8260304927825928
 5.157670497894287 0.9673452973365784 -3.8885245323181152
 5.157540798187256 2.058091878890991 -3.2517473697662354
 5.461565017700195 1.446766972541809 -3.38252854347229
 5.058998107910156 2.414487838745117 -4.799143314361572
 6.007870197296143 1.3864672183990479 -2.921191930770874
 5.81989860534668 1.5495187044143677 -2.740079641342163
 5.907870292663574 1.9696431159973145 -2.539287805557251
 6.190937519073486 0.6385049819946289 -4.438968181610107
 6.265185356140137 0.7222663760185242 -3.5210611820220947
 5.96614408493042 0.5988231301307678 -3.738579511642456
 5.925134658813477 0.6258494257926941 -4.107943534851074
 5.812358856201172 0.16436904668807983 -3.5424420833587646
 5.593288421630859 0.10461978614330292 -3.5264346599578857
 5.833754062652588 0.3614276051521301 -3.4584100246429443
 5.895363807678223 -0.8674219846725464 -3.5357348918914795
 5.910890102386475 0.6218411922454834 -3.509739398956299
 6.052163600921631 0.34722957015037537 -2.8000051975250244
 5.999787330627441 1.1879818439483643 -2.547739028930664
 6.20750093460083 -0.8027336597442627 -2.6949400901794434
 5.931973934173584 -0.6065722703933716 -2.9713504314422607
 5.986021518707275 0.3922522962093353 -3.364619016647339
 5.656800746917725 0.6181814670562744 -3.3758609294891357
 5.678982734680176 0.4960668683052063 -3.3366212844848633
 5.943356513977051 0.6453239917755127 -2.7797348499298096
 5.64825439453125 -0.02599531039595604 -4.01068115234375
 5.906197547912598 0.29595693945884705 -3.9658989906311035
 5.822013854980469 0.47678133845329285 -3.557457208633423
 5.980990409851074 0.01163649745285511 -4.000914573669434
 6.219185829162598 1.0382016897201538 -2.520904064178467
 5.977214336395264 -0.03152165189385414 -3.0360639095306396
 5.9615302085876465 1.1840593814849854 -3.389155864715576
 6.041585445404053 0.6878498792648315 -3.72000789642334
 5.958320617675781 0.5856920480728149 -3.953526020050049
 5.68768835067749 1.5860934257507324 -3.889967441558838
 6.095308303833008 1.0310851335525513 -2.7357194423675537
 6.209721565246582 0.7298727035522461 -2.47302508354187
 6.278865337371826 0.7092818021774292 -3.3605668544769287
 5.733443737030029 1.651669979095459 -4.444427013397217
 6.216660499572754 0.910290002822876 -3.5960187911987305
 6.099696636199951 1.3310052156448364 -3.34543514251709
 6.054738998413086 1.3825931549072266 -3.427988052368164
 5.041133403778076 3.0637412071228027 -5.377439975738525
 5.94645357131958 1.960142970085144 -3.697279691696167
 5.898340225219727 0.9522126317024231 -3.539682626724243
 5.9411702156066895 0.5943039059638977 -4.244840621948242
 5.879180908203125 1.7411342859268188 -4.404738903045654
 6.067464828491211 1.759484052658081 -3.577390670776367
 6.2041239738464355 0.7910031676292419 -3.844414234161377
 6.057762145996094 1.2324094772338867 -4.725316047668457
 5.909396171569824 2.4744348526000977 -3.495025873184204
 5.897974491119385 1.8211863040924072 -4.198749542236328
 5.938346862792969 2.3280410766601562 -3.9338340759277344
 5.740857124328613 2.166403293609619 -3.578634023666382
 5.864202976226807 1.6315675973892212 -4.517577648162842
 6.211594104766846 1.4875984191894531 -4.06369686126709
 5.729055881500244 2.0168514251708984 -3.9928107261657715
 6.019946575164795 2.0194637775421143 -3.770792245864868
 6.267606735229492 1.2038880586624146 -3.586256504058838
 5.774076461791992 1.5229281187057495 -4.718725204467773
 5.759629249572754 2.696580648422241 -3.602191209793091
 5.998092174530029 1.8147326707839966 -4.5162577629089355
 5.632978916168213 2.111988067626953 -4.196551322937012
 5.864841461181641 1.8208961486816406 -4.000365734100342
 5.691457271575928 1.9946284294128418 -4.384527683258057
 5.3974199295043945 3.0281550884246826 -4.392703533172607
 5.931562900543213 2.324932813644409 -3.6784658432006836
 6.057297706604004 2.4348955154418945 -2.5731890201568604
 5.953451156616211 1.8237138986587524 -3.872086763381958
 5.43405818939209 1.907033920288086 -4.773577690124512
 5.907751560211182 1.8911168575286865 -3.145596742630005
 5.47683572769165 2.1146953105926514 -3.864716053009033
 5.769688606262207 1.604513168334961 -3.1595609188079834
 5.876281261444092 1.6301556825637817 -3.5099010467529297
 5.55269718170166 1.1112695932388306 -3.7276804447174072
 5.8516764640808105 1.7877486944198608 -3.3427112102508545
 6.4004106521606445 0.9600964188575745 -3.9417593479156494
 5.504470348358154 1.9395414590835571 -4.342116355895996
 6.228389739990234 0.649908721446991 -3.6576273441314697
 5.786031723022461 1.2973718643188477 -4.417531967163086
 6.037866115570068 0.8857226371765137 -3.824708938598633
 5.7525763511657715 1.5388274192810059 -3.9587409496307373
 6.025527000427246 0.7035688757896423 -4.133774757385254
 5.6923828125 1.5207427740097046 -4.564393043518066
 5.802911281585693 1.7455730438232422 -3.7768375873565674
 6.084842681884766 0.35480523109436035 -3.1839592456817627
 5.38604736328125 1.992496132850647 -5.231865406036377
 6.263420104980469 1.5285381078720093 -3.4764444828033447
 5.282402992248535 1.9986666440963745 -5.175299167633057
 5.133437633514404 2.763664484024048 -4.914132118225098
 5.987591743469238 0.6641035079956055 -3.254425048828125
 5.577391624450684 1.656811237335205 -4.375472545623779
 5.9974260330200195 0.7778235673904419 -3.2695505619049072
 5.89920711517334 0.8102514147758484 -4.016415119171143
 5.478529453277588 2.418858766555786 -4.196122646331787
 6.13909912109375 0.8609058856964111 -3.8950304985046387
 5.813261032104492 2.086988687515259 -3.082892894744873
 5.916828632354736 1.9643014669418335 -2.6966850757598877
 6.03386926651001 2.061349868774414 -2.935682773590088
 5.717122554779053 2.5200119018554688 -3.1930153369903564
 6.040277481079102 2.2833123207092285 -2.5523431301116943
 5.744155406951904 0.813297688961029 -3.314069986343384
 5.881005764007568 2.0333187580108643 -3.003922700881958
 5.856000900268555 2.230376958847046 -3.8049376010894775
 6.220389366149902 1.1670912504196167 -4.070730209350586
 6.119816303253174 1.4485292434692383 -4.021763801574707
 5.9461565017700195 0.6943037509918213 -4.547607421875
 6.105539321899414 1.282504916191101 -3.6525771617889404
 5.827085494995117 2.4008238315582275 -2.797992467880249
 5.8521552085876465 2.273024082183838 -1.9645823240280151
 6.12924861907959 0.7234821319580078 -3.5466952323913574
 6.092337608337402 1.3493969440460205 -3.9022841453552246
 5.7677812576293945 1.495558261871338 -4.327017784118652
 5.923551082611084 1.4310660362243652 -3.1324851512908936
 5.347604751586914 1.6576546430587769 -4.002617835998535
 5.418453216552734 2.5753257274627686 -4.476768970489502
 5.4918036460876465 1.9092907905578613 -4.114455223083496
 5.276967525482178 2.3412601947784424 -4.454696178436279
 5.526663303375244 2.6080262660980225 -3.5838749408721924
 5.447616100311279 2.0712640285491943 -4.635915756225586
 5.053095817565918 2.781367301940918 -4.193600177764893
 4.810503959655762 2.4813833236694336 -4.677420139312744
 5.699437141418457 1.0745511054992676 -2.686079502105713
 5.770341396331787 1.094832181930542 -3.1231160163879395
 5.3660454750061035 1.5445679426193237 -3.847599506378174
 5.182004928588867 1.3353444337844849 -4.142107963562012
 5.5023112297058105 0.7035882472991943 -3.569324254989624
 5.3934550285339355 1.0315217971801758 -3.8166775703430176
 5.650079727172852 0.8134540915489197 -3.30700945854187
 5.804426670074463 0.2742448151111603 -2.583479404449463
 6.045825481414795 1.1330807209014893 -2.997638463973999
 5.396464824676514 1.3156741857528687 -4.459542274475098
 5.926165580749512 0.8486320376396179 -3.2453553676605225
 5.245201110839844 2.715730667114258 -3.5032548904418945
 5.614945888519287 1.2281594276428223 -3.4141106605529785
 6.05623722076416 1.1828664541244507 -3.907491683959961
 5.535029411315918 1.4041811227798462 -4.26196813583374
 5.806454181671143 1.1117212772369385 -3.3323328495025635
 5.239189147949219 2.4793145656585693 -3.69309139251709
 4.698105335235596 2.723407745361328 -4.125251770019531
 5.66056489944458 1.41653573513031 -3.6870853900909424
 5.780241012573242 1.3952975273132324 -4.824644088745117
 5.217405796051025 2.1549487113952637 -4.297740459442139
 5.241745948791504 2.662320375442505 -3.484402656555176
 5.2237114906311035 2.5327374935150146 -4.086178779602051
 5.410138130187988 1.739051342010498 -4.753157138824463
 5.504688739776611 0.9529832601547241 -4.111766338348389
 4.995898246765137 2.45698618888855 -4.2273454666137695
 5.195004463195801 1.9473366737365723 -4.778118133544922
 5.088484287261963 1.9915536642074585 -3.9806175231933594
 5.129965782165527 1.6717748641967773 -4.1364288330078125
 5.5490007400512695 1.7631644010543823 -4.039661407470703
 5.751063823699951 1.6490622758865356 -4.301758766174316
 5.707297325134277 1.4607526063919067 -4.312073707580566
 5.531814098358154 1.6658949851989746 -4.084878921508789
 5.648499965667725 1.818438172340393 -3.371009588241577
 5.55958366394043 1.6881266832351685 -3.8668301105499268
 5.016216278076172 2.300593852996826 -4.597610950469971
 5.737222194671631 1.7655457258224487 -3.4781572818756104
 5.72824764251709 1.7737164497375488 -3.591449737548828
 5.333295822143555 1.3556153774261475 -5.162740707397461
 5.630977153778076 0.8304505944252014 -4.003284454345703
 5.042409420013428 2.2803263664245605 -4.94091272354126
 5.328977584838867 2.2680492401123047 -3.7847530841827393
 5.513608932495117 0.4926856458187103 -4.774944305419922
 5.1025261878967285 2.540827751159668 -4.634192943572998
 5.454767227172852 1.415518879890442 -4.515533447265625
 5.370687007904053 1.3647459745407104 -4.408121109008789
 5.59175443649292 -0.18188254535198212 -4.298372745513916
 4.913816452026367 2.282057523727417 -5.177102088928223
 5.435020923614502 1.0606454610824585 -3.865990400314331
 5.224370002746582 1.2235116958618164 -3.8074193000793457
 5.2566328048706055 1.6525835990905762 -4.04020357131958
 5.571068286895752 0.761854350566864 -3.1938605308532715
 5.890315055847168 -0.9955627918243408 -3.567627429962158
 5.418763160705566 0.1855597347021103 -4.708712577819824
 5.43013858795166 1.5515186786651611 -3.721994638442993
 5.130655765533447 0.9810847043991089 -4.1497907638549805
 5.33701753616333 1.0635069608688354 -3.1767215728759766
 5.731520652770996 0.09911490976810455 -3.0197806358337402
 5.276392459869385 0.06192851811647415 -4.364214897155762
 5.1672682762146 0.7485816478729248 -4.977452754974365
 5.817178249359131 0.367076575756073 -3.876973867416382
 5.240697383880615 1.5766949653625488 -3.765695095062256
 5.3795342445373535 0.27465713024139404 -3.7179551124572754
 5.4861531257629395 0.5176312923431396 -3.4450926780700684
 5.373104572296143 1.0329084396362305 -2.9271295070648193
 5.06924295425415 1.8428676128387451 -4.031097888946533
 5.3459954261779785 0.9125996232032776 -3.5396838188171387
 5.265918731689453 0.5003255009651184 -4.024587631225586
 5.003116607666016 2.095524311065674 -3.7815449237823486
 5.517371654510498 1.9933819770812988 -2.5983681678771973
 5.898031234741211 0.1231098622083664 -3.117725372314453
 5.740760803222656 0.5279662609100342 -3.7910802364349365
 5.043828964233398 2.370224952697754 -3.8605117797851562
 5.524143218994141 1.091445803642273 -4.393865585327148
 5.141631126403809 2.0789127349853516 -3.9581639766693115
 5.232944011688232 2.3468127250671387 -4.470613479614258
 5.328173637390137 1.4747192859649658 -3.7169857025146484
 5.800647258758545 0.5798978209495544 -3.935786724090576
 5.441232681274414 0.5754750967025757 -3.9298150539398193
 5.654026985168457 0.09277226775884628 -3.3363006114959717
 5.911323547363281 0.0781458243727684 -3.1213154792785645
 5.6115241050720215 1.377587914466858 -3.028639316558838
 5.63201904296875 0.06544143706560135 -4.04206657409668
 5.636507511138916 0.26767921447753906 -3.3618247509002686
 5.440951824188232 1.0493847131729126 -3.4934980869293213
 5.526522159576416 1.3713408708572388 -3.4140450954437256
 5.3971381187438965 1.1859668493270874 -3.749230146408081
 5.912838935852051 -0.04008962959051132 -3.4768424034118652
 5.524660110473633 0.778670072555542 -4.473280429840088
 6.04663610458374 0.5512293577194214 -3.9793155193328857
 5.619143486022949 1.2397775650024414 -3.370025396347046
 5.704162120819092 1.1712366342544556 -3.769085168838501
 5.785536766052246 0.800883948802948 -3.7912991046905518
 5.775931358337402 1.1865880489349365 -3.504909038543701
 5.971309185028076 0.8934817314147949 -3.6457061767578125
 5.811965465545654 1.6561033725738525 -3.30393385887146
 5.736961841583252 1.344616174697876 -2.851409673690796
 5.3403143882751465 1.8145984411239624 -4.220946788787842
 5.89102840423584 0.7470735907554626 -2.468395709991455
 5.99980354309082 -0.07336754351854324 -3.660282611846924
 5.724237442016602 0.04201078787446022 -3.4383468627929688
 5.951152801513672 0.2665654718875885 -2.7103593349456787
 5.140972137451172 2.918177843093872 -2.924760341644287
 5.712649345397949 1.279258131980896 -2.895768642425537
 5.5030131340026855 1.2264668941497803 -2.970888137817383
 5.354736328125 0.913270115852356 -2.9380905628204346
 5.719303131103516 0.15148602426052094 -2.3767311573028564
 5.84376335144043 0.12041136622428894 -2.204294443130493
 5.516664028167725 0.22706732153892517 -2.5365726947784424
 5.432662487030029 0.5231879949569702 -3.1994144916534424
 5.405996799468994 0.7021907567977905 -3.0454447269439697
 5.5932297706604 1.3988481760025024 -2.03228759765625
 5.86277961730957 0.6218488812446594 -2.3844058513641357
 5.264153480529785 1.9408833980560303 -3.107617139816284
 5.429579734802246 1.3331634998321533 -2.8976855278015137
 5.782285690307617 0.8080797791481018 -1.5504679679870605
 5.357028961181641 1.8474993705749512 -2.7626049518585205
 5.567304611206055 0.7424457669258118 -2.5549476146698
 5.403383255004883 1.0047194957733154 -3.0097713470458984
 5.574530601501465 0.7902190685272217 -2.423778533935547
 5.186793804168701 2.1062886714935303 -2.271332263946533
 5.414617538452148 0.9663661122322083 -2.83408522605896
 5.720762729644775 -0.49169090390205383 -2.1105716228485107
 5.519978046417236 0.1463252454996109 -2.7308366298675537
 5.565421104431152 1.328326940536499 -2.0066845417022705
 5.517266273498535 0.8728684186935425 -2.263864755630493
 5.4328484535217285 0.5175761580467224 -3.16467547416687
 5.762436866760254 0.39594048261642456 -2.9062135219573975
 5.930436611175537 -0.2910322844982147 -2.483222007751465
 5.676454544067383 1.0419871807098389 -2.182121992111206
 5.43156623840332 1.5901774168014526 -2.6209828853607178
 5.780048847198486 0.4201781153678894 -3.047184705734253
 5.94566011428833 -0.11224155873060226 -3.1224279403686523
 5.289113998413086 0.0008370823925361037 -4.1493964195251465
 5.152246475219727 0.4795128107070923 -4.96610689163208
 5.630998134613037 0.48819699883461 -3.7912511825561523
 5.432857036590576 -0.06858918815851212 -3.0841033458709717
 5.53338098526001 -0.26494547724723816 -3.6991758346557617
 5.684669494628906 0.3665843605995178 -2.637148141860962
 5.395817756652832 1.0124584436416626 -3.4521424770355225
 5.381302356719971 0.9413539171218872 -3.4678828716278076
 5.3844804763793945 2.158696413040161 -3.129202127456665
 5.932638645172119 0.16848787665367126 -3.573824167251587
 5.957141876220703 0.7850885391235352 -2.7237436771392822
 5.488788604736328 0.3432217538356781 -3.6649107933044434
 5.4168243408203125 1.433407187461853 -2.76006817817688
 6.2013840675354 -0.4586610496044159 -2.8138577938079834
 5.385142803192139 1.5693751573562622 -3.1681671142578125
 5.52806282043457 1.1452349424362183 -3.5762720108032227
 5.6383209228515625 1.5617778301239014 -3.0629494190216064
 5.3809614181518555 1.009421467781067 -3.5181984901428223
 5.487674713134766 1.6467537879943848 -3.387849807739258
 5.738693714141846 1.4090901613235474 -2.787094831466675
 5.765301704406738 1.1049299240112305 -2.7342159748077393
 5.741518974304199 0.6778721213340759 -2.2574028968811035
 6.071157455444336 0.31496313214302063 -2.784886121749878
 5.867383003234863 1.3434444665908813 -1.6356282234191895
 6.1771697998046875 0.8516151905059814 -2.0972166061401367
 6.297618865966797 0.8028609752655029 -1.7698174715042114
 6.150885105133057 1.0798019170761108 -2.3851935863494873
 6.256729602813721 0.48581650853157043 -2.3399558067321777
 6.174360752105713 0.32997849583625793 -3.14941143989563
 5.946512222290039 0.6909602284431458 -3.473393440246582
 6.152862071990967 1.376102089881897 -2.7037160396575928
 6.084428310394287 1.5555185079574585 -3.926853895187378
 5.476862907409668 3.2730491161346436 -3.441683530807495
 6.192163944244385 0.5752130746841431 -3.311709403991699
 5.902160167694092 0.5447477102279663 -3.397895574569702
 5.103646755218506 2.925057888031006 -3.7215559482574463
 5.589456558227539 2.0948710441589355 -3.0405795574188232
 5.641321659088135 2.1120412349700928 -2.7812225818634033
 5.231319904327393 3.953740358352661 -2.8971455097198486
 5.0589189529418945 3.4023027420043945 -3.0630300045013428
 5.391254425048828 2.7040767669677734 -2.5479490756988525
 5.312231540679932 3.5682260990142822 -1.9965051412582397
 5.744815349578857 2.0803823471069336 -2.674117088317871
 5.986484050750732 1.6361689567565918 -1.7928886413574219
 5.429234504699707 2.741209030151367 -2.8689873218536377
 5.168089389801025 2.544637680053711 -3.3292880058288574
 5.421889305114746 1.9170091152191162 -3.620999813079834
 5.56056022644043 1.8794306516647339 -3.6894731521606445
 5.215047359466553 1.7100350856781006 -4.170623779296875
 5.344392776489258 2.537497043609619 -3.5613882541656494
 5.516014575958252 2.641669750213623 -2.2549009323120117
 6.055948734283447 0.8688405156135559 -3.147899866104126
 5.285367965698242 2.813399076461792 -3.6115550994873047
 5.632381916046143 1.472416877746582 -1.7515795230865479
 5.889267444610596 1.291555643081665 -2.413149356842041
 5.576537132263184 2.1107592582702637 -3.271257162094116
 5.542083740234375 3.1685774326324463 -2.1227054595947266
 5.8552751541137695 1.6232274770736694 -2.911783218383789
 5.3377203941345215 1.326332449913025 -3.7287440299987793
 5.56165885925293 1.7831412553787231 -3.2640278339385986
 5.226358890533447 3.188922166824341 -3.8999600410461426
 5.907662868499756 2.023007392883301 -2.702144145965576
 5.8092498779296875 1.836308240890503 -2.1894404888153076
 5.9880266189575195 1.4847549200057983 -2.0553698539733887
 5.869184494018555 0.9821832180023193 -2.5318057537078857
 5.8053202629089355 2.0900492668151855 -2.1288530826568604
 5.292339324951172 0.7245345711708069 -4.550850868225098
 5.588260650634766 0.7600165605545044 -2.589503288269043
 4.723006725311279 2.4930131435394287 -3.5991079807281494
 5.137040138244629 2.9333956241607666 -3.1846163272857666
 5.459897041320801 2.0211594104766846 -2.7565131187438965
 5.520224571228027 1.643198013305664 -3.2163400650024414
 5.684569358825684 -0.09534093737602234 -4.042973518371582
 5.342596530914307 2.1365129947662354 -2.986471176147461
 5.111672401428223 1.5418504476547241 -4.040999889373779
 5.5222649574279785 1.3544068336486816 -3.4118881225585938
 4.948046684265137 1.7153069972991943 -4.496767520904541
 5.418003082275391 1.6588982343673706 -3.5372354984283447
 5.27038049697876 1.2908213138580322 -3.91089129447937
 5.331213474273682 1.4981472492218018 -3.936082124710083
 5.123271465301514 1.9591683149337769 -3.521632432937622
 5.330321311950684 1.473791480064392 -3.7361199855804443
 5.190586090087891 0.9288230538368225 -4.662374019622803
 5.538749694824219 0.8341660499572754 -3.658451795578003
 5.139612197875977 2.010775089263916 -3.5266878604888916
 5.312582969665527 1.8318512439727783 -3.046146869659424
 5.175001621246338 1.607141137123108 -3.494346857070923
 5.371289253234863 1.3696545362472534 -3.7857372760772705
 5.660297870635986 0.5488297939300537 -3.100006341934204
 5.356677532196045 0.9273409843444824 -3.7995669841766357
 5.339526653289795 1.1028475761413574 -3.5091676712036133
 5.390622615814209 0.3026663064956665 -2.964679718017578
 5.292162895202637 0.8163883686065674 -3.8314828872680664
 5.879164695739746 -0.15430670976638794 -2.255840539932251
 5.958112716674805 0.11137483268976212 -1.9304817914962769
 5.917742729187012 0.4913129508495331 -2.3574438095092773
 5.556619644165039 1.1740131378173828 -2.8450253009796143
 5.747480869293213 0.5302906632423401 -2.961421012878418
 5.349060535430908 0.38147035241127014 -3.774709701538086
 5.665529251098633 0.7912954688072205 -4.098914623260498
 5.650932788848877 0.9822337627410889 -2.4815516471862793
 5.65117883682251 1.2833858728408813 -2.4312551021575928
 5.2247538566589355 2.999889612197876 -3.257673978805542
 5.285429000854492 2.8248777389526367 -3.11723256111145
 5.418837547302246 2.425128698348999 -2.9043166637420654
 5.269692420959473 2.926260232925415 -2.233369827270508
 5.591121196746826 1.4253188371658325 -3.5956122875213623
 5.558712959289551 1.1845394372940063 -3.425271987915039
 5.518439769744873 1.8167033195495605 -3.805091381072998
 5.577914237976074 1.213798999786377 -3.984497308731079
 6.139964580535889 0.6348609924316406 -3.005208969116211
 5.723691940307617 1.4670734405517578 -2.7904417514801025
 5.6403350830078125 2.2906558513641357 -3.622384786605835
 5.370144844055176 3.0591864585876465 -3.224699020385742
 5.416953086853027 3.433197498321533 -3.2483575344085693
 5.048570156097412 3.5627152919769287 -4.54026460647583
 5.459443092346191 2.0614497661590576 -3.895500421524048
 6.087047100067139 1.02012300491333 -3.58482027053833
 5.723206996917725 1.8531557321548462 -3.3026933670043945
 6.098760604858398 1.0440678596496582 -3.4293830394744873
 5.871887683868408 1.2747873067855835 -3.7496213912963867
 5.42367696762085 2.1251022815704346 -3.6541459560394287
 5.714422225952148 2.1837730407714844 -3.549166440963745
 6.088803768157959 1.1941864490509033 -3.4903945922851562
 5.587083339691162 1.9711494445800781 -3.350977659225464
 5.964823246002197 2.308307647705078 -3.095202684402466
 6.229403018951416 1.4273641109466553 -3.3426244258880615
 6.324824810028076 1.3798613548278809 -3.6212916374206543
 6.287905216217041 0.39654695987701416 -2.5400593280792236
 5.924675941467285 1.3964457511901855 -3.6923835277557373
 5.649064540863037 2.0549190044403076 -3.842428684234619
 5.056863307952881 3.6594884395599365 -4.679189205169678
 5.608827590942383 2.9850716590881348 -2.872694969177246
 5.534898281097412 3.0643022060394287 -3.308382272720337
 5.779819965362549 1.9223061800003052 -3.203522205352783
 5.991319179534912 1.5141525268554688 -3.5859763622283936
 5.628413677215576 2.688588857650757 -3.143296957015991
 5.7789740562438965 2.0371909141540527 -3.5225069522857666
 6.061474323272705 0.41778814792633057 -3.7878007888793945
 5.928308486938477 0.9332738518714905 -4.056133270263672
 5.553388595581055 2.1548454761505127 -3.6882529258728027
 6.158554553985596 1.1337484121322632 -3.1349029541015625
 5.353209018707275 1.747994065284729 -3.983830451965332
 5.561087131500244 1.8532205820083618 -3.4975008964538574
 5.934670925140381 0.8113231062889099 -3.313162088394165
 5.518320560455322 1.681686282157898 -4.000470161437988
 5.8690080642700195 1.5043470859527588 -4.255673408508301
 5.728024005889893 2.0341691970825195 -4.442770957946777
 5.924737930297852 -0.048496052622795105 -4.6621413230896
 5.382856369018555 2.3982980251312256 -3.7714450359344482
 5.798664093017578 0.8289756178855896 -4.515993118286133
 5.975495338439941 1.2806340456008911 -2.8366119861602783
 5.950031757354736 0.7497488260269165 -4.151136875152588
 5.902005195617676 2.4670302867889404 -3.6782400608062744
 5.741861343383789 2.2672128677368164 -3.5410571098327637
 6.3850884437561035 1.1986552476882935 -3.2348806858062744
 5.62769889831543 2.4187190532684326 -3.8215103149414062
 6.208571434020996 1.2231543064117432 -3.3150463104248047
 5.695188999176025 1.6119823455810547 -4.2406697273254395
 5.805251121520996 2.6514320373535156 -3.898287534713745
 5.638059616088867 1.7328652143478394 -4.438968181610107
 5.79496431350708 1.2033487558364868 -3.855412483215332
 5.730177879333496 1.8154001235961914 -3.965392589569092
 5.7402143478393555 2.648480176925659 -3.943211555480957
 5.719997406005859 1.938317060470581 -4.442759990692139
 6.018439769744873 1.091632604598999 -3.527362585067749
 5.844236850738525 0.4256829619407654 -4.821238994598389
 5.324805736541748 2.664991855621338 -5.014831066131592
 5.979494571685791 1.3946746587753296 -4.123886585235596
 6.386721134185791 0.4369930624961853 -3.51924467086792
 6.131908893585205 1.3913817405700684 -3.9353272914886475
 6.150254249572754 1.2743886709213257 -3.4985358715057373
 5.7163004875183105 0.8959037661552429 -4.503922939300537
 6.045655727386475 1.1180071830749512 -4.518528461456299
 6.346113204956055 0.9932969212532043 -3.8305459022521973
 5.370946884155273 3.5552022457122803 -4.248788833618164
 5.561378002166748 2.411043882369995 -2.867624521255493
 5.010033130645752 3.7120542526245117 -3.775022029876709
 5.248356342315674 3.0336010456085205 -3.4083306789398193
 5.781091690063477 2.0962605476379395 -3.4186160564422607
 5.471736907958984 2.629628896713257 -3.2514023780822754
 5.922457218170166 1.854264736175537 -3.4172005653381348
 5.662106990814209 2.5495986938476562 -3.7980868816375732
 5.381264686584473 2.330780029296875 -4.1038312911987305
 5.391091346740723 1.7170531749725342 -3.830939769744873
 5.607945442199707 1.9958597421646118 -4.339395046234131
 5.366954326629639 2.0712032318115234 -4.434460639953613
 5.2238450050354 1.531097412109375 -4.302639007568359
 6.133090019226074 1.2631230354309082 -2.835712194442749
 5.946082592010498 2.0349655151367188 -3.2978200912475586
 5.474142551422119 3.043842315673828 -3.4893341064453125
 5.7737321853637695 2.4319863319396973 -3.2579569816589355
 5.867696762084961 2.4452452659606934 -3.019430160522461
 5.7121052742004395 2.3328206539154053 -2.96494460105896
 5.698811054229736 2.1798973083496094 -3.591207504272461
 5.581234931945801 2.3221375942230225 -4.264056205749512
 5.919144153594971 1.6925311088562012 -3.5588538646698
 6.01613712310791 2.2028019428253174 -2.496863603591919
 5.534152984619141 2.2269887924194336 -4.338565349578857
 5.593519687652588 1.2659850120544434 -3.899273157119751
 5.588127136230469 2.6032073497772217 -3.157015323638916
 5.657780647277832 3.0432074069976807 -2.1644608974456787
 5.65561056137085 1.8984614610671997 -3.1261308193206787
 5.946634769439697 2.6947710514068604 -2.552734851837158
 6.076484680175781 1.610982894897461 -3.349806308746338
 5.941542148590088 2.862316608428955 -2.4119961261749268
 5.906215190887451 2.265489101409912 -2.6316654682159424
 5.462101459503174 3.0553083419799805 -3.733354091644287
 6.302546977996826 1.1231138706207275 -2.9228389263153076
 6.3892388343811035 1.3828409910202026 -3.2753241062164307
 5.705111026763916 2.3202385902404785 -3.0665693283081055
 6.270143032073975 1.4139938354492188 -3.667569875717163
 5.837336540222168 1.4186424016952515 -5.0154829025268555
 6.3234710693359375 0.7993602752685547 -3.595245838165283
 6.018794536590576 1.947901725769043 -3.9607973098754883
 6.449612140655518 1.3822847604751587 -2.658097982406616
 6.094871520996094 1.829801082611084 -3.9438114166259766
 5.840521812438965 2.327235698699951 -3.2471256256103516
 5.316191673278809 2.8528571128845215 -4.022152423858643
 6.051833629608154 1.1200381517410278 -3.254366159439087
 5.851923942565918 2.0278944969177246 -3.30309796333313
 5.716003894805908 2.0499374866485596 -3.5040743350982666
 5.889003753662109 1.2601840496063232 -3.0682737827301025
 6.1767778396606445 0.8647038340568542 -2.7725329399108887
 5.743199348449707 2.274005651473999 -2.977017641067505
 6.018539905548096 1.9920066595077515 -3.313246250152588
 5.8763651847839355 2.539257287979126 -3.1050281524658203
 5.92073917388916 3.0038654804229736 -2.567131280899048
 6.037060737609863 2.6924846172332764 -2.568049669265747
 5.990280628204346 2.2360410690307617 -2.732712745666504
 5.473648548126221 2.293243646621704 -3.496086359024048
 5.506716728210449 2.6523873805999756 -4.0336456298828125
 6.08914852142334 1.2719227075576782 -2.330320358276367
 5.783743858337402 1.6402864456176758 -2.4655985832214355
 5.590213298797607 2.3949172496795654 -3.523176908493042
 5.391387462615967 2.2402379512786865 -4.092840194702148
 5.507894039154053 2.029547929763794 -4.118983268737793
 5.717042446136475 1.5458416938781738 -3.116878032684326
 5.0848870277404785 3.249795436859131 -4.03618860244751
 5.992290496826172 1.1477606296539307 -2.5915145874023438
 5.8648786544799805 2.18608021736145 -3.237323760986328
 5.634779453277588 1.6272724866867065 -3.6444501876831055
 5.596766948699951 1.8108913898468018 -3.515824794769287
 5.758023738861084 1.68315589427948 -3.1421267986297607
 5.766855239868164 1.767130732536316 -3.3849213123321533
 5.556107521057129 2.086595296859741 -4.403916835784912
 5.989348888397217 1.4021620750427246 -3.4914920330047607
 5.684260845184326 1.2413455247879028 -3.893744945526123
 5.701048851013184 2.4359829425811768 -3.218472957611084
 5.817137718200684 1.8047733306884766 -3.8938474655151367
 5.38152551651001 1.6828856468200684 -4.666158199310303
 5.703033924102783 2.3767759799957275 -3.7773406505584717
 5.933693885803223 2.272270917892456 -3.6874849796295166
 5.621399879455566 2.6692774295806885 -4.342593669891357
 5.711531639099121 1.945774793624878 -4.300816535949707
 5.2121686935424805 2.646742105484009 -4.480691909790039
 5.5236005783081055 1.769321322441101 -4.180146217346191
 5.252708435058594 0.841488778591156 -5.032266139984131
 5.429332733154297 1.9991226196289062 -4.069478511810303
 5.752933979034424 0.95454341173172 -3.622164011001587
 5.181286334991455 1.5718755722045898 -4.967838764190674
 5.679341793060303 1.5521214008331299 -4.38252592086792
 5.810571193695068 0.6968162059783936 -4.101229190826416
 5.537619590759277 1.6453723907470703 -4.380279064178467
 5.396254539489746 0.9954898953437805 -4.476218223571777
 5.484951972961426 2.547210693359375 -4.655170440673828
 6.083042621612549 1.3172616958618164 -3.5737411975860596
 5.84291934967041 1.537554144859314 -3.3234195709228516
 6.262001991271973 1.587367057800293 -2.6331305503845215
 5.726780891418457 1.5248204469680786 -3.5060970783233643
 5.778204917907715 1.433329463005066 -4.210010051727295
 5.696357250213623 1.0948654413223267 -3.7018048763275146
 5.799108028411865 1.6890839338302612 -3.9970831871032715
 5.951004981994629 1.4616726636886597 -3.769557476043701
 5.750320911407471 1.761587381362915 -3.016627550125122
 5.641324520111084 2.5392091274261475 -4.13616943359375
 5.322412014007568 2.4103448390960693 -3.905141830444336
 5.809593200683594 1.4092639684677124 -3.125714063644409
 5.855988502502441 1.1143150329589844 -2.8372247219085693
 5.569234371185303 1.9086474180221558 -3.802708148956299
 6.0206522941589355 1.26129150390625 -3.5457470417022705
 5.770498275756836 2.62111234664917 -3.6822237968444824
 5.4292073249816895 3.700251340866089 -3.7508039474487305
 5.484983444213867 3.317328691482544 -4.225831985473633
 5.845925331115723 2.7356677055358887 -3.4430768489837646
 6.034488677978516 2.1278460025787354 -3.564521312713623
 5.416804313659668 3.0135626792907715 -3.9414358139038086
 5.614701271057129 3.1217873096466064 -3.1112849712371826
 6.1203179359436035 2.3003573417663574 -2.5303006172180176
 6.351783275604248 0.7684767842292786 -2.510448455810547
 6.424509048461914 1.5092542171478271 -2.559702157974243
 6.278316974639893 1.9722734689712524 -3.0673930644989014
 5.8064422607421875 2.3406407833099365 -3.0202841758728027
 6.31583833694458 1.0854167938232422 -3.523712396621704
 5.867283821105957 1.1556305885314941 -3.525141716003418
 6.204695224761963 1.5695316791534424 -2.8585543632507324
 6.038877964019775 1.521224856376648 -3.559155225753784
 5.8177103996276855 1.840503454208374 -3.5452606678009033
 5.692815780639648 1.0136629343032837 -3.7266011238098145
 5.950413227081299 1.514246940612793 -2.7026796340942383
 5.634715557098389 2.0016822814941406 -4.355003833770752
 6.096573352813721 1.5690840482711792 -3.230684757232666
 6.236952781677246 2.064727306365967 -2.919168472290039
 5.871218681335449 1.9847314357757568 -3.3945133686065674
 5.447093963623047 2.588858127593994 -3.9897613525390625
 6.021880626678467 1.90453040599823 -2.4089627265930176
 5.8473591804504395 1.315751314163208 -3.2031309604644775
 6.138204574584961 1.1034170389175415 -2.668938398361206
 5.952024936676025 1.3952643871307373 -2.836115598678589
 5.972068786621094 2.4099137783050537 -3.7386467456817627
 5.8191938400268555 2.1482768058776855 -3.1550559997558594
 5.775411605834961 2.4050159454345703 -2.7559828758239746
 5.598397254943848 2.2150187492370605 -3.0785953998565674
 5.573086261749268 2.4344029426574707 -3.4241013526916504
 5.466644287109375 2.8077664375305176 -3.8044350147247314
 5.785006999969482 2.067322254180908 -3.0227909088134766
 5.62960958480835 2.6142287254333496 -3.7505974769592285
 5.964208126068115 1.9828699827194214 -2.7308945655822754
 5.960385799407959 1.8760464191436768 -2.7527103424072266
 6.2651848793029785 0.7054877877235413 -2.716831684112549
 5.9881086349487305 2.076366662979126 -2.7438623905181885
 5.921741962432861 2.4666669368743896 -2.794374942779541
 5.565577983856201 2.23777174949646 -4.251508712768555
 5.4522624015808105 2.1880509853363037 -4.1446356773376465
 5.90854024887085 1.777329683303833 -3.552327871322632
 5.755321025848389 2.1040003299713135 -3.698671817779541
 5.296104907989502 2.2473762035369873 -4.521011829376221
 5.702958106994629 2.520357608795166 -3.0219480991363525
 5.3384175300598145 2.7756521701812744 -4.253957271575928
 5.601397514343262 2.297363519668579 -3.6638829708099365
 5.690714359283447 1.575753092765808 -4.385241985321045
 5.256159782409668 2.4729816913604736 -3.9820451736450195
 5.103758811950684 2.769831657409668 -4.727283477783203
 5.944355487823486 1.164479374885559 -3.0226097106933594
 5.670618534088135 1.5956612825393677 -3.7751636505126953
 5.635062217712402 2.1590981483459473 -3.262091875076294
 5.574328422546387 2.7838873863220215 -2.990703821182251
 6.092825889587402 1.489315152168274 -3.3113901615142822
 5.358560562133789 2.8514115810394287 -3.3329339027404785
 5.427679061889648 2.546802043914795 -3.2421395778656006
 5.9776835441589355 1.5155686140060425 -3.04317569732666
 5.94467306137085 1.8988500833511353 -3.57275390625
 5.448755741119385 2.4235286712646484 -3.7926979064941406
 5.9722514152526855 1.1850495338439941 -3.1535308361053467
 5.473846912384033 2.3956687450408936 -4.243279933929443
 5.54040002822876 1.6726784706115723 -4.378692626953125
 5.767429351806641 1.307806134223938 -3.105095386505127
 5.732881546020508 1.8860870599746704 -4.057878494262695
 5.791025161743164 2.009162187576294 -3.6822574138641357
 5.701828479766846 1.780336856842041 -3.3162879943847656
 6.063343048095703 0.824700117111206 -3.735163688659668
 5.739398956298828 1.808784008026123 -3.3103370666503906
 5.803201198577881 1.7221055030822754 -3.3196182250976562
 5.221750736236572 2.7863385677337646 -4.32451868057251
 6.043558597564697 0.7564021348953247 -3.4955568313598633
 5.772204875946045 1.8685530424118042 -3.3333194255828857
 5.866500377655029 2.054598093032837 -3.6009011268615723
 5.8839545249938965 1.6772736310958862 -3.64056396484375
 5.460009574890137 2.810969829559326 -3.799955129623413
 5.9978790283203125 1.6505035161972046 -3.458655834197998
 5.472273349761963 1.8389137983322144 -4.468942642211914
 5.687649250030518 1.2842832803726196 -4.2136454582214355
 5.801580429077148 2.0312280654907227 -3.5999979972839355
 6.109013557434082 1.141987681388855 -2.9454824924468994
 5.88683557510376 1.470367193222046 -3.2271993160247803
 5.987627029418945 1.659711480140686 -2.782515525817871
 5.884071350097656 0.5258414149284363 -4.008209705352783
 6.034252166748047 0.503018856048584 -3.565535545349121
 6.31248140335083 1.2230416536331177 -3.4687533378601074
 6.150852203369141 0.9360460638999939 -3.797278642654419
 5.887010097503662 1.859074592590332 -3.44517183303833
 5.696460723876953 2.429555892944336 -3.887984037399292
 6.2158203125 1.3059349060058594 -3.3407979011535645
 5.9488911628723145 1.017189383506775 -4.517106056213379
 6.4118781089782715 0.4519038796424866 -3.3690598011016846
 6.4595136642456055 0.8245781064033508 -1.4060702323913574
 6.309133529663086 1.7891103029251099 -2.226879835128784
 6.562795639038086 1.1783093214035034 -2.8007004261016846
 6.477989673614502 0.5046196579933167 -2.8105826377868652
 6.887061595916748 -0.2644249200820923 -2.7080626487731934
 6.3593878746032715 2.0602962970733643 -2.6694469451904297
 6.201709270477295 1.074553370475769 -2.559422016143799
 6.2389984130859375 1.330846905708313 -2.6447649002075195
 6.430097579956055 0.7549357414245605 -2.249729633331299
 6.324105262756348 1.2023992538452148 -1.979378342628479
 6.218767166137695 1.2195944786071777 -2.7570912837982178
 5.921645641326904 1.4814426898956299 -3.3602592945098877
 6.421252727508545 0.9524208307266235 -2.962183713912964
 6.087510585784912 2.0382919311523438 -3.061624050140381
 6.411116123199463 1.5405782461166382 -2.5077450275421143
 6.218329429626465 1.2609254121780396 -3.418947219848633
 6.526606559753418 0.7854115962982178 -2.0332682132720947
 5.956969738006592 2.0513930320739746 -2.7692296504974365
 6.209010601043701 1.4059803485870361 -2.7008519172668457
 6.214868545532227 0.10444788634777069 -3.050276041030884
 6.5210652351379395 -0.5077172517776489 -4.0543060302734375
 6.101317882537842 1.7765952348709106 -3.7710704803466797
 5.97420072555542 1.308123230934143 -3.7704951763153076
 6.245675563812256 1.7076579332351685 -3.1936185359954834
 6.285887718200684 1.6800954341888428 -3.370391607284546
 6.474791526794434 1.005484700202942 -2.7661972045898438
 6.1710638999938965 2.327498197555542 -2.911043882369995
 6.508101463317871 0.977644145488739 -3.550793409347534
 5.886415481567383 2.307302474975586 -3.03629469871521
 5.888357162475586 1.326907753944397 -4.073892116546631
 5.49867582321167 2.7061009407043457 -4.452616214752197
 6.273387908935547 1.5280375480651855 -3.1577870845794678
 6.058873176574707 1.1800105571746826 -3.2474684715270996
 6.1084113121032715 1.6812032461166382 -3.999624013900757
 5.8597307205200195 -0.23932068049907684 -4.350366592407227
 5.845653057098389 0.7939741015434265 -3.9498565196990967
 5.779661655426025 1.8804209232330322 -4.539244174957275
 5.7130279541015625 2.8163952827453613 -3.950132131576538
 6.407559394836426 1.5624988079071045 -2.840498685836792
 6.141975402832031 1.3366330862045288 -3.8433754444122314
 6.0010986328125 1.7683086395263672 -3.473482370376587
 6.023603439331055 2.1575303077697754 -3.1490752696990967
 5.873642444610596 2.1797666549682617 -3.954167604446411
 6.202555179595947 1.3603976964950562 -2.781339168548584
 5.758529186248779 2.2385737895965576 -3.278343677520752
 6.257090091705322 2.3186094760894775 -3.0749258995056152
 6.085547924041748 1.4666837453842163 -3.6476526260375977
 6.192593574523926 1.3418445587158203 -3.9596877098083496
 6.303156852722168 1.9753901958465576 -2.931286096572876
 6.66990852355957 1.25095796585083 -2.4042487144470215
 6.404178142547607 2.1265270709991455 -2.9559733867645264
 6.338015079498291 1.9643938541412354 -2.162139415740967
 6.48400354385376 2.1379003524780273 -2.8193612098693848
 6.360367298126221 2.529771327972412 -2.543761968612671
 6.565817356109619 1.2993117570877075 -2.221689224243164
 5.9968581199646 1.7553960084915161 -3.372310161590576
 6.3888258934021 1.9211981296539307 -2.9405484199523926
 6.519828796386719 1.3079947233200073 -2.606846809387207
 6.198239803314209 1.278684377670288 -3.807807683944702
 5.917398929595947 2.0444693565368652 -3.7945408821105957
 6.204954147338867 2.429570436477661 -3.443528175354004
 6.163553237915039 2.311103105545044 -3.683682441711426
 5.967247009277344 1.7330690622329712 -4.002771377563477
 5.721771240234375 2.3643910884857178 -3.199907064437866
 6.334140300750732 1.9386028051376343 -3.219566822052002
 6.240818023681641 0.9393678903579712 -3.064394474029541
 5.706502437591553 2.534695863723755 -3.2832767963409424
 5.730480194091797 2.532247304916382 -3.5489795207977295
 5.517638206481934 3.2065980434417725 -3.878824234008789
 5.948215007781982 1.6572186946868896 -3.6003520488739014
 6.2100067138671875 1.4745211601257324 -2.8879857063293457
 5.634819030761719 2.747343063354492 -3.1998977661132812
 6.392800807952881 1.4601508378982544 -2.753239393234253
 6.17649507522583 2.1564669609069824 -2.564040184020996
 6.223578929901123 1.55038321018219 -3.0371651649475098
 6.093950271606445 2.4046690464019775 -2.8520560264587402
 6.471096038818359 1.3848010301589966 -3.1957075595855713
 6.206111431121826 1.1899176836013794 -2.9011096954345703
 5.946774482727051 2.0144479274749756 -3.3127996921539307
 6.283775329589844 1.3746527433395386 -2.883190631866455
 6.4885993003845215 1.2268867492675781 -2.0299224853515625
 6.582649230957031 1.4044499397277832 -2.2947568893432617
 6.160251140594482 1.2314690351486206 -2.716513156890869
 5.931863307952881 1.4315276145935059 -2.8952457904815674
 5.878620624542236 2.3845150470733643 -3.3811535835266113
 5.6776957511901855 2.168678045272827 -4.12498140335083
 6.32363224029541 0.9217482805252075 -3.3039321899414062
 5.984360218048096 2.001194953918457 -3.2050814628601074
 5.973995208740234 1.8505867719650269 -3.7033402919769287
 6.110586643218994 2.177170991897583 -3.0589828491210938
 6.002051830291748 1.6452844142913818 -2.8089070320129395
 5.804532527923584 0.7319753766059875 -4.364377498626709
 5.056790828704834 2.916961908340454 -3.8315227031707764
 5.628984451293945 1.6779531240463257 -3.277344226837158
 5.808938503265381 2.0317301750183105 -3.669302225112915
 5.846245765686035 2.1967756748199463 -3.1318705081939697
 6.16445779800415 2.121990919113159 -3.440106153488159
 6.038087844848633 1.6922929286956787 -3.445676803588867
 5.958601474761963 1.723320484161377 -3.4487667083740234
 6.054091930389404 0.9017506837844849 -2.877916097640991
 6.135217666625977 2.074010133743286 -3.3835763931274414
 6.083541393280029 1.1721134185791016 -3.755378007888794
 6.033387184143066 1.0714917182922363 -4.344722747802734
 5.583601474761963 1.2987500429153442 -4.740321159362793
 5.678708553314209 1.4928520917892456 -5.323062419891357
 5.777801990509033 1.9204126596450806 -4.569484710693359
 5.982029914855957 1.665996789932251 -3.973508358001709
 5.864614963531494 1.2341352701187134 -4.554288864135742
 5.801868438720703 1.5726085901260376 -4.272043704986572
 5.628596782684326 1.5061005353927612 -4.742501258850098
 5.870421886444092 1.2682576179504395 -4.843221664428711
 6.007446765899658 0.979745626449585 -3.914414167404175
 6.362818717956543 1.0441617965698242 -3.089426279067993
 6.261839389801025 1.3422329425811768 -2.9754486083984375
 5.907528400421143 1.0473490953445435 -3.0890233516693115
 5.888798236846924 1.0914618968963623 -3.8333523273468018
 6.354702949523926 1.841931700706482 -2.870222330093384
 6.1283392906188965 1.6270369291305542 -3.4665629863739014
 6.1398091316223145 1.0910106897354126 -3.3390655517578125
 6.17400598526001 1.4255653619766235 -3.2574574947357178
 5.861009120941162 2.039898157119751 -3.4989960193634033
 5.998427867889404 2.6118810176849365 -3.243101119995117
 6.1465044021606445 1.345863938331604 -3.3212344646453857
 6.357619762420654 2.2017619609832764 -2.266792058944702
 6.094209671020508 2.096271514892578 -3.363621711730957
 6.0995097160339355 1.5606390237808228 -3.4033331871032715
 6.090795993804932 2.2997870445251465 -2.524045944213867
 5.840217113494873 1.9843075275421143 -2.821286916732788
 6.261956691741943 1.8223880529403687 -3.577406167984009
 5.903133869171143 1.5930070877075195 -3.5192651748657227
 6.095848083496094 2.485762357711792 -3.3301758766174316
 5.691535472869873 2.919522523880005 -3.2490315437316895
 5.5170464515686035 2.1732256412506104 -3.7956347465515137
 6.131021022796631 1.3753553628921509 -3.4825215339660645
 5.900609016418457 1.4806104898452759 -2.7615768909454346
 5.424675464630127 2.496077537536621 -3.5118887424468994
 5.883310794830322 0.8997653126716614 -3.199143171310425
 5.91357421875 0.6381598114967346 -4.223401069641113
 5.629539966583252 1.7950831651687622 -4.217509746551514
 5.9251227378845215 2.33815860748291 -3.4923245906829834
 5.745387554168701 3.032532215118408 -2.9742164611816406
 5.43233060836792 2.4326438903808594 -2.8695054054260254
 5.495297431945801 1.4343723058700562 -3.8061118125915527
 5.799079418182373 2.297589063644409 -3.1980557441711426
 5.730738162994385 1.4117151498794556 -3.764786958694458
 5.922751426696777 1.6658246517181396 -3.0176641941070557
 5.7272162437438965 1.4912312030792236 -3.9428646564483643
 5.636333465576172 2.333796977996826 -3.301307439804077
 5.752127647399902 1.941824197769165 -4.235720157623291
 5.352386951446533 2.4378104209899902 -4.198490142822266
 5.655884742736816 1.9877935647964478 -3.9928061962127686
 5.665633201599121 1.5912054777145386 -3.5162556171417236
 6.10154914855957 1.1892412900924683 -2.785390853881836
 5.253119945526123 2.561155080795288 -3.5431902408599854
 5.548163414001465 3.097191572189331 -3.2676472663879395
 5.46324348449707 1.443886399269104 -4.050221920013428
 5.512864112854004 0.9542991518974304 -4.095670223236084
 6.282576084136963 0.32294318079948425 -3.2057080268859863
 5.78338623046875 1.8143483400344849 -3.654916524887085
 6.102755069732666 0.17296116054058075 -4.0201239585876465
 6.084555625915527 1.0207111835479736 -3.0276312828063965
 5.915440559387207 0.648455798625946 -3.7624752521514893
 5.955351829528809 1.838990569114685 -3.678565263748169
 5.483485221862793 1.7473902702331543 -3.8275320529937744
 6.010477066040039 1.180916666984558 -2.960784673690796
 5.758390426635742 1.6337320804595947 -4.025529861450195
 5.793145656585693 0.8371212482452393 -3.7537569999694824
 5.841243267059326 0.6209113597869873 -3.9932987689971924
 5.287743091583252 1.7603955268859863 -4.536758899688721
 5.85869026184082 1.4577488899230957 -3.133497714996338
 5.355517864227295 1.5301884412765503 -3.4807560443878174
 5.960397720336914 1.4488592147827148 -3.260849952697754
 5.6534423828125 1.5300581455230713 -4.158463954925537
 5.640923500061035 0.5438261032104492 -4.24397087097168
 5.889873027801514 1.6693438291549683 -4.355147838592529
 5.874712944030762 0.18811917304992676 -4.215431213378906
 5.681976795196533 1.0996335744857788 -3.717129707336426
 5.898641586303711 1.238155722618103 -3.216780662536621
 5.208689212799072 1.6918203830718994 -4.232579708099365
 5.711755752563477 0.3995553255081177 -4.4238786697387695
 5.46339750289917 2.1598682403564453 -4.287196159362793
 5.547914505004883 1.686030387878418 -3.1205358505249023
 5.720306396484375 1.687928318977356 -3.4533579349517822
 5.896317481994629 1.170546293258667 -3.8797507286071777
 5.707459926605225 1.8009637594223022 -3.9447481632232666
 5.601694107055664 1.3004862070083618 -4.084590911865234
 5.7093024253845215 1.170652985572815 -3.9731521606445312
 6.059999942779541 -0.23753385245800018 -4.2504401206970215
 5.693553447723389 1.3722962141036987 -4.077831268310547
 5.7320237159729 1.2241332530975342 -3.5882937908172607
 5.818991184234619 0.8967248201370239 -3.381068706512451
 5.807483673095703 1.1948643922805786 -4.060037612915039
 6.121057987213135 1.3782862424850464 -4.003081798553467
 5.342259407043457 1.1786859035491943 -4.912969589233398
 5.527101993560791 0.9139468669891357 -4.540279865264893
 5.741327285766602 0.861478328704834 -4.764644145965576
 5.21436882019043 1.00913405418396 -5.410459995269775
 5.5231852531433105 1.397249460220337 -4.22177267074585
 5.517807960510254 1.564221739768982 -4.424131393432617
 5.564787864685059 1.2944303750991821 -4.518920421600342
 5.221886157989502 2.4631571769714355 -4.421091556549072
 5.635563850402832 0.44497382640838623 -4.936737060546875
 5.342896461486816 1.4517083168029785 -4.15753698348999
 5.534988880157471 1.0264570713043213 -4.919393062591553
 5.918168544769287 0.9621800780296326 -3.794626474380493
 5.6857380867004395 1.0231720209121704 -4.98236608505249
 5.465203285217285 1.7658544778823853 -4.517091274261475
 5.636196613311768 0.5392498970031738 -4.340888977050781
 5.099930286407471 1.3186801671981812 -4.496641159057617
 4.986230850219727 1.7532376050949097 -5.571657657623291
 5.475714683532715 1.0200645923614502 -4.951656341552734
 5.46225118637085 1.9150023460388184 -4.651471138000488
 5.442030906677246 1.2271161079406738 -4.487195014953613
 5.826512336730957 0.5573031306266785 -2.987901449203491
 5.8034539222717285 0.6050207614898682 -4.185802936553955
 6.0995659828186035 0.17147593200206757 -3.2090587615966797
 5.454531669616699 2.057854652404785 -3.759697437286377
 5.932476043701172 1.097978949546814 -3.4325778484344482
 6.218736171722412 -0.598069965839386 -3.2404818534851074
 6.1840925216674805 0.060858119279146194 -3.1259469985961914
 5.657349586486816 1.3215582370758057 -3.753420114517212
 5.7607245445251465 1.862831950187683 -3.3916637897491455
 5.237062931060791 2.9893949031829834 -3.9378790855407715
 5.896055221557617 1.4878606796264648 -4.115733623504639
 5.926194667816162 1.177802562713623 -3.809415578842163
 5.537411689758301 1.0278773307800293 -4.527871608734131
 5.6625518798828125 0.9220843315124512 -4.268725395202637
 5.756093978881836 0.6598635315895081 -3.4941928386688232
 6.13193416595459 0.6571680307388306 -3.0473666191101074
 6.150335788726807 0.8549414873123169 -2.9002435207366943
 5.831537246704102 1.2367969751358032 -3.418022632598877
 5.598125457763672 0.9226438403129578 -3.7407541275024414
 5.92887544631958 1.1948418617248535 -3.852850914001465
 6.000631809234619 0.7998719811439514 -3.821384906768799
 5.942470073699951 1.4895833730697632 -3.2910192012786865
 5.8225531578063965 1.127468466758728 -4.275632858276367
 5.959503173828125 1.604081392288208 -3.026047945022583
 5.6634368896484375 2.011540651321411 -4.3234992027282715
 5.871697425842285 1.1450963020324707 -3.39803147315979
 6.095442771911621 1.3439170122146606 -3.70028018951416
 6.375207901000977 1.430674433708191 -2.7869391441345215
 6.046831130981445 1.2060534954071045 -3.867706298828125
 6.330516815185547 1.4131059646606445 -2.9652650356292725
 5.932321071624756 2.3966691493988037 -3.656843662261963
 5.820387363433838 1.328863501548767 -3.5625295639038086
 5.8350043296813965 2.316175937652588 -2.919577121734619
 5.8744025230407715 2.290846347808838 -4.08735990524292
 5.776890277862549 3.050931930541992 -3.3286290168762207
 6.2328619956970215 2.3474183082580566 -3.0596816539764404
 6.173099040985107 1.4695700407028198 -2.963467836380005
 6.250260353088379 0.23160435259342194 -3.1631882190704346
 6.339462757110596 1.1813663244247437 -3.590162515640259
 6.488200664520264 0.7450675964355469 -3.308314800262451
 6.171276569366455 2.045710563659668 -2.8886072635650635
 5.619753360748291 2.5269551277160645 -4.591365814208984
 6.460336208343506 0.4979357421398163 -3.1585652828216553
 5.960151672363281 1.2582204341888428 -4.442745685577393
 5.989576816558838 0.972500741481781 -3.43294620513916
